[[0.9999999999999997, 0.904857861063372, 0.9430575362156931, 0.6980515591096463, 0.7372074657110924, 0.5434775503826569, 0.8488872316755409, 0.589811013262934, 0.5511632635835126, 0.6135654278698079, 0.5469457702585678, 0.8488872331766424, 0.514819269578469, 0.4638367689807558, 0.3520199125599399, 0.31190143469047993, 0.3119014392069692, 0.32018282276271703, 0.5517342893353343, 0.5479111884967568, 0.5342931190833288, 0.5342931166936902, 0.5342931166936902], [0.904857861063372, 1.0, 0.880722290584231, 0.7485401461882416, 0.6812443764368696, 0.63621169084632, 0.8550079082025045, 0.6654633043909177, 0.6147827157050881, 0.6689577798396535, 0.6258448013833903, 0.855007910347322, 0.518010761271912, 0.4531054307930277, 0.366453815382115, 0.3006586746391168, 0.3006586812570804, 0.3052452002357855, 0.5695428197806323, 0.5363447733323854, 0.5189724866206173, 0.5189724850814633, 0.5189724850814633], [0.9430575362156931, 0.880722290584231, 0.9999999999999993, 0.8605155006625343, 0.8746984871115022, 0.6485995568330722, 0.8246009974685172, 0.7289093683684669, 0.6359300860246695, 0.7479344303053754, 0.6595809036522013, 0.8246009994182399, 0.5923281750222116, 0.5157597850352044, 0.4519600116535175, 0.39801002978950284, 0.3980100341581657, 0.42205629629075037, 0.7331852798310421, 0.7305944693020672, 0.7113963977662883, 0.7113963956109213, 0.7113963956109213], [0.6980515591096463, 0.7485401461882416, 0.8605155006625343, 1.0000000000000002, 0.957932978466468, 0.7208391385553008, 0.7311170825862217, 0.8494433345651378, 0.7032952607173831, 0.8595098080439512, 0.7317183723419518, 0.7311170840496832, 0.6217865860757101, 0.539281886396861, 0.5399884987072778, 0.47939034331061003, 0.4793903483230112, 0.5246335212531568, 0.9530884976867117, 0.9429448181936967, 0.9294997986455219, 0.929499798749022, 0.929499798749022], [0.7372074657110924, 0.6812443764368696, 0.8746984871115022, 0.957932978466468, 0.9999999999999999, 0.6818163071431109, 0.720158623761304, 0.8150099085930553, 0.6610956254973357, 0.8208109399594965, 0.6788285616940333, 0.7201586244746048, 0.6201308724145118, 0.5603066778578353, 0.5388051155261702, 0.5031890012733296, 0.5031890056861518, 0.5426696162746423, 0.9612271210347714, 0.9589763960857801, 0.9597250190507103, 0.959725018313374, 0.959725018313374], [0.5434775503826569, 0.63621169084632, 0.6485995568330722, 0.7208391385553008, 0.6818163071431109, 0.9999999999999996, 0.8391436184231023, 0.9431459847597039, 0.8384752094429109, 0.9362448683139023, 0.8199970906394421, 0.8391436178422806, 0.7747721711223701, 0.6803452021652642, 0.6829124009676741, 0.6410641351085964, 0.6410641407929876, 0.6448977008626878, 0.6945227118119344, 0.6747439659999311, 0.6627604890366567, 0.6627604821200546, 0.6627604821200546], [0.8488872316755409, 0.8550079082025045, 0.8246009974685172, 0.7311170825862217, 0.720158623761304, 0.8391436184231023, 0.9999999999999996, 0.8248822512309498, 0.8013794580030701, 0.8522472631172731, 0.7376262829950015, 0.9999999999999998, 0.6790522167434758, 0.6016369816226486, 0.525092545713377, 0.4855537423997788, 0.4855537481192559, 0.48575757555458254, 0.6314147300700588, 0.6106802438963572, 0.603256018499143, 0.6032560139037526, 0.6032560139037526], [0.589811013262934, 0.6654633043909177, 0.7289093683684669, 0.8494433345651378, 0.8150099085930553, 0.9431459847597039, 0.8248822512309498, 1.0000000000000004, 0.8343455888070723, 0.9758413714994216, 0.8139515680576199, 0.8248822518282299, 0.7601432256806882, 0.6873737287924266, 0.695188658804345, 0.650538831496381, 0.650538836644473, 0.6672004697708149, 0.831406377783523, 0.816362125465161, 0.8058356990797262, 0.8058356944074881, 0.8058356944074881], [0.5511632635835126, 0.6147827157050881, 0.6359300860246695, 0.7032952607173831, 0.6610956254973357, 0.8384752094429109, 0.8013794580030701, 0.8343455888070723, 1.0000000000000002, 0.8439822230954208, 0.9448466846153531, 0.8013794577063047, 0.7273975728113771, 0.6453285833689648, 0.641831441717539, 0.6014009972625478, 0.6014010049136931, 0.5372084153404831, 0.6634376382416969, 0.648457567580615, 0.6351818386392614, 0.6351818333675578, 0.6351818333675578], [0.6135654278698079, 0.6689577798396535, 0.7479344303053754, 0.8595098080439512, 0.8208109399594965, 0.9362448683139023, 0.8522472631172731, 0.9758413714994216, 0.8439822230954208, 1.0, 0.8148142351980134, 0.8522472633553604, 0.7751621606805258, 0.6948603243848854, 0.6967173145939151, 0.6564601627660149, 0.656460167641175, 0.6752899346925101, 0.8308048007550535, 0.8163143737817404, 0.8085317318248582, 0.8085317272050423, 0.8085317272050423], [0.5469457702585678, 0.6258448013833903, 0.6595809036522013, 0.7317183723419518, 0.6788285616940333, 0.8199970906394421, 0.7376262829950015, 0.8139515680576199, 0.9448466846153531, 0.8148142351980134, 1.0000000000000004, 0.7376262823801265, 0.795560845452409, 0.6390810100540285, 0.6559420810411287, 0.5961590508822238, 0.5961590584589381, 0.5495852580492202, 0.6802155581452858, 0.683773555587985, 0.6483616964108728, 0.6483616911373966, 0.6483616911373966], [0.8488872331766424, 0.855007910347322, 0.8246009994182399, 0.7311170840496832, 0.7201586244746048, 0.8391436178422806, 0.9999999999999998, 0.8248822518282299, 0.8013794577063047, 0.8522472633553604, 0.7376262823801265, 1.0, 0.6790522121281353, 0.60163697668835, 0.5250925407008582, 0.48555373712170286, 0.4855537428411804, 0.48575757023170935, 0.6314147303141784, 0.6106802441307986, 0.6032560187305284, 0.603256014135138, 0.603256014135138], [0.514819269578469, 0.518010761271912, 0.5923281750222116, 0.6217865860757101, 0.6201308724145118, 0.7747721711223701, 0.6790522167434758, 0.7601432256806882, 0.7273975728113771, 0.7751621606805258, 0.795560845452409, 0.6790522121281353, 1.0, 0.934188196223721, 0.9368621289853095, 0.9096869777328183, 0.9096869797951279, 0.9069251739699011, 0.6010593687330733, 0.6181808859566476, 0.5862842437308917, 0.586284236752507, 0.586284236752507], [0.4638367689807558, 0.4531054307930277, 0.5157597850352044, 0.539281886396861, 0.5603066778578353, 0.6803452021652642, 0.6016369816226486, 0.6873737287924266, 0.6453285833689648, 0.6948603243848854, 0.6390810100540285, 0.60163697668835, 0.934188196223721, 1.0000000000000007, 0.9812462630656265, 0.9827859814389812, 0.9827859824068359, 0.9618109850943499, 0.5412288323931349, 0.5407638968183205, 0.5332510706893981, 0.5332510641139483, 0.5332510641139483], [0.3520199125599399, 0.366453815382115, 0.4519600116535175, 0.5399884987072778, 0.5388051155261702, 0.6829124009676741, 0.525092545713377, 0.695188658804345, 0.641831441717539, 0.6967173145939151, 0.6559420810411287, 0.5250925407008582, 0.9368621289853095, 0.9812462630656265, 1.0000000000000004, 0.9902597406622182, 0.9902597412239904, 0.9809714744658565, 0.5531228760501357, 0.56459678378159, 0.5433835320234309, 0.5433835257478737, 0.5433835257478737], [0.31190143469047993, 0.3006586746391168, 0.39801002978950284, 0.47939034331061003, 0.5031890012733296, 0.6410641351085964, 0.4855537423997788, 0.650538831496381, 0.6014009972625478, 0.6564601627660149, 0.5961590508822238, 0.48555373712170286, 0.9096869777328183, 0.9827859814389812, 0.9902597406622182, 0.9999999999999997, 0.9999999999999993, 0.9808865686463943, 0.5180317563136724, 0.5225066272879377, 0.5170701411258611, 0.5170701345717025, 0.5170701345717025], [0.3119014392069692, 0.3006586812570804, 0.3980100341581657, 0.4793903483230112, 0.5031890056861518, 0.6410641407929876, 0.4855537481192559, 0.650538836644473, 0.6014010049136931, 0.656460167641175, 0.5961590584589381, 0.4855537428411804, 0.9096869797951279, 0.9827859824068359, 0.9902597412239904, 0.9999999999999993, 1.0000000000000002, 0.9808865675221574, 0.5180317610698968, 0.5225066315912952, 0.5170701454427629, 0.5170701388886042, 0.5170701388886042], [0.32018282276271703, 0.3052452002357855, 0.42205629629075037, 0.5246335212531568, 0.5426696162746423, 0.6448977008626878, 0.48575757555458254, 0.6672004697708149, 0.5372084153404831, 0.6752899346925101, 0.5495852580492202, 0.48575757023170935, 0.9069251739699011, 0.9618109850943499, 0.9809714744658565, 0.9808865686463943, 0.9808865675221574, 1.0000000000000004, 0.5605189594841992, 0.5764578989330247, 0.5608690841738895, 0.5608690784179002, 0.5608690784179002], [0.5517342893353343, 0.5695428197806323, 0.7331852798310421, 0.9530884976867117, 0.9612271210347714, 0.6945227118119344, 0.6314147300700588, 0.831406377783523, 0.6634376382416969, 0.8308048007550535, 0.6802155581452858, 0.6314147303141784, 0.6010593687330733, 0.5412288323931349, 0.5531228760501357, 0.5180317563136724, 0.5180317610698968, 0.5605189594841992, 1.0000000000000004, 0.9883539513520198, 0.99518453990844, 0.9951845398943721, 0.9951845398943721], [0.5479111884967568, 0.5363447733323854, 0.7305944693020672, 0.9429448181936967, 0.9589763960857801, 0.6747439659999311, 0.6106802438963572, 0.816362125465161, 0.648457567580615, 0.8163143737817404, 0.683773555587985, 0.6106802441307986, 0.6181808859566476, 0.5407638968183205, 0.56459678378159, 0.5225066272879377, 0.5225066315912952, 0.5764578989330247, 0.9883539513520198, 1.0000000000000002, 0.98993400795704, 0.9899340079430492, 0.9899340079430492], [0.5342931190833288, 0.5189724866206173, 0.7113963977662883, 0.9294997986455219, 0.9597250190507103, 0.6627604890366567, 0.603256018499143, 0.8058356990797262, 0.6351818386392614, 0.8085317318248582, 0.6483616964108728, 0.6032560187305284, 0.5862842437308917, 0.5332510706893981, 0.5433835320234309, 0.5170701411258611, 0.5170701454427629, 0.5608690841738895, 0.99518453990844, 0.98993400795704, 1.0, 0.9999999999999996, 0.9999999999999996], [0.5342931166936902, 0.5189724850814633, 0.7113963956109213, 0.929499798749022, 0.959725018313374, 0.6627604821200546, 0.6032560139037526, 0.8058356944074881, 0.6351818333675578, 0.8085317272050423, 0.6483616911373966, 0.603256014135138, 0.586284236752507, 0.5332510641139483, 0.5433835257478737, 0.5170701345717025, 0.5170701388886042, 0.5608690784179002, 0.9951845398943721, 0.9899340079430492, 0.9999999999999996, 1.0, 1.0], [0.5342931166936902, 0.5189724850814634, 0.7113963956109208, 0.9294997987490219, 0.959725018313374, 0.6627604821200548, 0.6032560139037526, 0.8058356944074884, 0.6351818333675576, 0.8085317272050426, 0.6483616911373967, 0.6032560141351381, 0.586284236752507, 0.5332510641139482, 0.5433835257478737, 0.5170701345717025, 0.5170701388886039, 0.5608690784179007, 0.9951845398943721, 0.989934007943049, 0.9999999999999996, 1.0, 1.0]]